# Functions and useful resources for scRNA-seq analysis 

# Color palettes

tol21rainbow= c("#771155", "#AA4488", "#CC99BB", "#114477", "#4477AA", "#77AADD", "#117777", "#44AAAA", "#77CCCC", "#117744", "#44AA77", "#88CCAA", "#777711", "#AAAA44", "#DDDD77", "#774411", "#AA7744", "#DDAA77", "#771122", "#AA4455", "#DD7788", "#525252", "#969696", "#252525", "#C6DBEF", "#FC9272", "#C7E9C0", "#DBDBDB", "#FDEE02", "#FFAB00", "#4D4DBF", "#BF4DBF", "#999999")


pinks_8 <- c('#ffcfe2',
             '#ff9dc8',
             '#ff5aaf',
             '#ef0096',
             '#c7007c',
             '#9f0162',
             '#790149',
             '#560133'
            )

yellowtobrown <- c('#f7f5bc',
                    '#f1ee8e',
                    '#ece75f',
                    '#e8e337',
                    '#e5de00',
                    '#e6cc00',
                    '#e6b400',
                    '#e69b00',
                    '#ec9006',
                    '#e47200',
                    '#d24e01',
                    '#a34100',
                    '#853500'
                    )

blues_24 = c(
            '#f2fcff',
            '#e2f9fe',
            '#d2f6fe',
            '#c1f2fe',
            '#b1effe',
            '#a1ecff',
            '#80e5ff',
            '#57ddff',
            '#3fd8ff',
            '#26d3ff',
            '#06cdff',
            '#00bdec',
            '#00a9d4',
            '#009cc3',
            '#008fb3',
            '#0082a3',
            '#007592',
            '#006882',
            '#005b72',
            '#004e61',
            '#004151',
            '#003441',
            '#002730',
            '#001318'
            )

colorblindfriend24 = c(
                        '#003D30',
                        '#005745',
                        '#00735C',
                        '#009175',
                        '#00AF8E',
                        '#00CBA7',
                        '#00EBC1',
                        '#86FFDE',
                        '#00306F',
                        '#00489E',
                        '#005FCC',
                        '#0079FA',
                        '#009FFA',
                        '#00C2F9',
                        '#00E5F8',
                        '#7CFFFA',
                        '#5F0914',
                        '#86081C',
                        '#B20725',
                        '#DE0D2E',
                        '#FF4235',
                        '#FF8735',
                        '#FFB935',
                        '#FFE239'
                        )

colorblindfriend24_var = c(
                        '#003D30',
                        '#005745',
                        '#00735C',
                        '#009175',
                        '#00AF8E',
                        '#00CBA7',
                        '#FF9DC8',
                        '#86FFDE',
                        '#00306F',
                        '#00489E',
                        '#005FCC',
                        '#0079FA',
                        '#009FFA',
                        '#00C2F9',
                        '#00E5F8',
                        '#7CFFFA',
                        '#000000',
                        '#5F0914',
                        '#86081C',
                        '#B20725',
                        '#DE0D2E',
                        '#FF4235',
                        '#D24E01',
                        '#FF8735',
                        '#FFB935',
                        '#FFE239',
                        '#FEFF4F',
                        '#FFFBC8'
                        )

allmerged_final_ct_cols <-
c(
    'NB' = colorblindfriend24_var[7],
    'HSPCs' = colorblindfriend24_var[1],
    'Lymphoid_progenitors' = colorblindfriend24_var[2],
    'B_cells' = colorblindfriend24_var[3],
    'T_cells' = colorblindfriend24_var[4],
    'Th2_cells_ILC2s' = colorblindfriend24_var[5],
    'T_and_NK_cells' = colorblindfriend24_var[6],
    'NK_cells' = colorblindfriend24_var[8],
    'NKL_cells' = colorblindfriend24_var[9],
    'Macrophages_myeloid' = colorblindfriend24_var[10],
    'Macrophages' = colorblindfriend24_var[11],
    'Neutrophils' = colorblindfriend24_var[12],
    'Blood_progenitors' = colorblindfriend24_var[13],
    'Erythrocytes' = colorblindfriend24_var[14],
    'Fibroblasts' = colorblindfriend24_var[17],
    'Endothelial_cells' = colorblindfriend24_var[18],
    'Glial_sox10' = colorblindfriend24_var[19],
    'Keratinocytes' = colorblindfriend24_var[20],
    'Epithelial_cells' = colorblindfriend24_var[21],
    'Kidney_tubule' = colorblindfriend24_var[22],
    'Mucin_cells' = colorblindfriend24_var[23],
    'Multiciliated_cells' = colorblindfriend24_var[24],
    'Interrenal_cells' = colorblindfriend24_var[25],
    'Hepato_enterocytes' = colorblindfriend24_var[26],
    'Muscle_cells' = colorblindfriend24_var[27],
    'Smooth_muscle' = colorblindfriend24_var[28],
    'Doublets' = 'light grey'
) 


alltimepointsmerged_final_ct_cols <-
c(
    'NB' = colorblindfriend24_var[7],
    'HSPCs' = colorblindfriend24_var[1],
    'Lymphoid_progenitors' = colorblindfriend24_var[2],
    'B_cells' = colorblindfriend24_var[3],
    'T_cells' = colorblindfriend24_var[4],
    'Th2_cells_ILC2s' = colorblindfriend24_var[5],
    'T_and_NK_cells' = colorblindfriend24_var[6],
    'NK_cells' = colorblindfriend24_var[8],
    'NKL_cells' = colorblindfriend24_var[9],
    'Macrophages_myeloid' = colorblindfriend24_var[10],
    'Macrophages' = colorblindfriend24_var[11],
    'Neutrophils' = colorblindfriend24_var[12],
    'Blood_progenitors' = colorblindfriend24_var[13],
    'Erythrocytes' = colorblindfriend24_var[14],
    'Fibroblasts' = colorblindfriend24_var[17],
    'Endothelial_cells' = colorblindfriend24_var[18],
    'Glial_sox10' = colorblindfriend24_var[19],
    'Keratinocytes' = colorblindfriend24_var[20],
    'Epithelial_cells' = colorblindfriend24_var[21],
    'Kidney_tubule' = colorblindfriend24_var[22],
    'Mucin_cells' = colorblindfriend24_var[23],
    'Multiciliated_cells' = colorblindfriend24_var[24],
    'Interrenal_cells' = colorblindfriend24_var[25],
    'Hepato_enterocytes' = colorblindfriend24_var[26],
    'Muscle_cells' = colorblindfriend24_var[27],
    'Smooth_muscle' = colorblindfriend24_var[28],
    'Macrophages_myeloid_NKL_cells' = colorblindfriend24_var[15],
    'Mesenchymal_cells' = '#C19770',
    'Pigment_cells' = '#D5B895',
    'Radial_glia' = '#E8DCB5',
    'Neuronal' = '#F2E5D9',
    'Doublets' = 'light grey'
) 




mytheme_basic <-  theme(panel.background = element_rect(fill = 'white', colour = "#555555", linetype = 'solid'),
                          axis.text.x = element_text(colour = "#555555", size = 12),
                          axis.title.x = element_text(colour = "#555555", size = 14),
                          axis.text.y = element_text(colour = "#555555", size = 12),
                          axis.title.y = element_text(colour = "#555555", size = 14),
                          legend.text=element_text(colour = "#555555", size=12),
                          legend.title=element_text(colour = "#555555", size=14),
                          legend.key = element_blank(),
                          panel.grid.major.x = element_blank(),
                          panel.grid.major.y = element_blank()
                          )

mytheme_angledX <-  theme(panel.background = element_rect(fill = 'white', colour = "#555555", linetype = 'solid'),
                          axis.text.x = element_text(angle = 90, vjust = 0.5, hjust=1, colour = "#555555", size = 12),
                          axis.title.x = element_text(colour = "#555555", size = 14),
                          axis.text.y = element_text(colour = "#555555", size = 12),
                          axis.title.y = element_text(colour = "#555555", size = 14),
                          legend.text=element_text(colour = "#555555", size=12),
                          legend.title=element_text(colour = "#555555", size=14),